TOPIC-11:6647865.571
TOPIC-0:347415.2196800005
TOPIC-3:117415.1485000003
TOPIC-16:65240.11445200033
TOPIC-2:4074.653341000004
TOPIC-4:1361.8688029999996
TOPIC-17:39.10000000000023
TOPIC-18:6.538344999999999
TOPIC-12:3.3000419999999986
TOPIC-10:3.3000419999999986
TOPIC-1:3.3000419999999986
TOPIC-19:3.3000419999999986
TOPIC-5:3.3000419999999986
TOPIC-15:3.3000419999999986
TOPIC-13:3.3000419999999986
TOPIC-14:3.3000419999999986
TOPIC-9:3.3000419999999986
TOPIC-8:3.3000419999999986
TOPIC-7:3.3000419999999986
TOPIC-6:3.3000419999999986
