TOPIC-0:3797720.9740000023
TOPIC-15:2516986.3459999994
TOPIC-9:75788.34691700037
TOPIC-18:20046.389726999998
TOPIC-7:5984.228063000003
TOPIC-5:3871.1168760000014
TOPIC-19:257.08890399999996
TOPIC-1:172.04673499999993
TOPIC-17:31.90000700000013
TOPIC-16:14.849489999999994
TOPIC-11:9.765260000000001
TOPIC-14:8.807502
TOPIC-8:8.123963999999999
TOPIC-12:5.904969999999999
TOPIC-10:5.904969999999999
TOPIC-4:5.904969999999999
TOPIC-3:5.904969999999999
TOPIC-13:5.904969999999999
TOPIC-6:5.904969999999999
TOPIC-2:5.225939999999999
