TOPIC-4:4451812.052999993
TOPIC-7:924565.4859000052
TOPIC-15:15621.635089000023
TOPIC-0:9538.059750999977
TOPIC-10:8405.476210000013
TOPIC-18:2934.0072049999985
TOPIC-8:2471.997245000001
TOPIC-16:516.343574
TOPIC-13:148.73133199999998
TOPIC-17:41.200000000000244
TOPIC-3:21.78350799999999
TOPIC-6:9.533931999999998
TOPIC-19:7.142382999999999
TOPIC-5:6.014452999999999
TOPIC-11:3.0000579999999997
TOPIC-12:3.0000579999999997
TOPIC-1:3.0000579999999997
TOPIC-2:3.0000579999999997
TOPIC-14:3.0000579999999997
TOPIC-9:3.0000579999999997
