TOPIC-2:2309669.7659999975
TOPIC-7:641796.5136000013
TOPIC-10:48870.67610000007
TOPIC-15:44715.43813799998
TOPIC-14:8645.712430000001
TOPIC-16:4808.483088000001
TOPIC-12:2108.9837589999997
TOPIC-5:1845.0510640000002
TOPIC-9:731.606019
TOPIC-18:412.24393200000014
TOPIC-17:32.80000000000012
TOPIC-3:8.285469000000003
TOPIC-1:6.917340000000001
TOPIC-4:6.749253
TOPIC-11:3.3000350000000003
TOPIC-19:3.3000350000000003
TOPIC-0:3.3000350000000003
TOPIC-13:3.3000350000000003
TOPIC-8:3.3000350000000003
TOPIC-6:3.3000350000000003
