TOPIC-16:2262288.613999998
TOPIC-1:2243874.7699999944
TOPIC-3:2059496.4230000009
TOPIC-13:157879.13269999987
TOPIC-11:21036.379001999998
TOPIC-19:5362.433941999989
TOPIC-10:5226.135076999998
TOPIC-14:3884.256205000004
TOPIC-17:35.50000300000018
TOPIC-4:12.182198000000003
TOPIC-8:12.069864000000003
TOPIC-0:6.3456800000000015
TOPIC-12:3.3000879999999997
TOPIC-18:3.3000879999999997
TOPIC-5:3.3000879999999997
TOPIC-15:3.3000879999999997
TOPIC-2:3.3000879999999997
TOPIC-9:3.3000879999999997
TOPIC-7:3.3000879999999997
TOPIC-6:3.3000879999999997
