TOPIC-18:5795506.838999994
TOPIC-6:469584.1937999993
TOPIC-13:143473.49939999933
TOPIC-0:2169.3321239999987
TOPIC-12:1828.3466610000012
TOPIC-3:1700.4794340000005
TOPIC-16:727.6569410000002
TOPIC-17:19.500000000000004
TOPIC-4:8.606449
TOPIC-1:7.713381000000001
TOPIC-11:3.200040999999998
TOPIC-10:3.200040999999998
TOPIC-19:3.200040999999998
TOPIC-5:3.200040999999998
TOPIC-15:3.200040999999998
TOPIC-2:3.200040999999998
TOPIC-14:3.200040999999998
TOPIC-9:3.200040999999998
TOPIC-8:3.200040999999998
TOPIC-7:3.200040999999998
