TOPIC-15:4090564.6830000007
TOPIC-4:1220323.8232999975
TOPIC-13:1217373.794300002
TOPIC-0:4356.434352999996
TOPIC-5:223.67694599999993
TOPIC-17:12.399999999999975
TOPIC-9:6.037600000000002
TOPIC-11:3.100046999999998
TOPIC-12:3.100046999999998
TOPIC-10:3.100046999999998
TOPIC-1:3.100046999999998
TOPIC-19:3.100046999999998
TOPIC-18:3.100046999999998
TOPIC-16:3.100046999999998
TOPIC-3:3.100046999999998
TOPIC-2:3.100046999999998
TOPIC-14:3.100046999999998
TOPIC-8:3.100046999999998
TOPIC-7:3.100046999999998
TOPIC-6:3.100046999999998
