TOPIC-14:3038759.5769999977
TOPIC-5:1276421.7504
TOPIC-1:166109.61040000027
TOPIC-6:17510.144321999975
TOPIC-0:4183.536814000007
TOPIC-11:174.61789800000003
TOPIC-17:26.200000000000085
TOPIC-4:23.316576999999995
TOPIC-12:11.761057000000001
TOPIC-2:9.577098000000005
TOPIC-10:3.0000329999999997
TOPIC-19:3.0000329999999997
TOPIC-18:3.0000329999999997
TOPIC-15:3.0000329999999997
TOPIC-16:3.0000329999999997
TOPIC-3:3.0000329999999997
TOPIC-13:3.0000329999999997
TOPIC-9:3.0000329999999997
TOPIC-8:3.0000329999999997
TOPIC-7:3.0000329999999997
