TOPIC-0:1296452.7800000005
TOPIC-10:663171.9346000005
TOPIC-14:195822.93340000013
TOPIC-1:167727.56769999978
TOPIC-8:58265.02738300019
TOPIC-2:23769.704171000023
TOPIC-9:23391.13911799997
TOPIC-15:8470.524102000014
TOPIC-11:2844.6435730000003
TOPIC-17:20.700000000000017
TOPIC-6:17.776248000000013
TOPIC-4:10.041476000000001
TOPIC-12:3.400035
TOPIC-19:3.400035
TOPIC-18:3.400035
TOPIC-5:3.400035
TOPIC-16:3.400035
TOPIC-3:3.400035
TOPIC-13:3.400035
TOPIC-7:3.400035
