TOPIC-15:6699031.96800001
TOPIC-9:1037355.3584
TOPIC-19:929137.6450000026
TOPIC-5:229452.1116999996
TOPIC-8:66035.47148
TOPIC-7:24.39050899999999
TOPIC-17:24.20000000000006
TOPIC-11:3.000031
TOPIC-12:3.000031
TOPIC-10:3.000031
TOPIC-1:3.000031
TOPIC-0:3.000031
TOPIC-18:3.000031
TOPIC-4:3.000031
TOPIC-16:3.000031
TOPIC-3:3.000031
TOPIC-13:3.000031
TOPIC-2:3.000031
TOPIC-14:3.000031
TOPIC-6:3.000031
