TOPIC-2:4032989.749000006
TOPIC-3:344208.0789999998
TOPIC-19:185303.73040000015
TOPIC-7:86292.95760800022
TOPIC-9:48185.21419200015
TOPIC-12:15076.613745999995
TOPIC-14:9242.634714000005
TOPIC-1:8962.256859999996
TOPIC-0:8154.548003999988
TOPIC-5:4890.382990000003
TOPIC-4:3979.4782139999984
TOPIC-10:1916.8179809999995
TOPIC-16:629.2141280000001
TOPIC-6:476.4728
TOPIC-17:14.499999999999966
TOPIC-15:8.460283
TOPIC-11:5.100071999999996
TOPIC-18:5.100071999999996
TOPIC-13:5.100071999999996
TOPIC-8:5.100071999999996
