TOPIC-9:8644813.685000014
TOPIC-2:1990403.1629999976
TOPIC-14:107142.76400800036
TOPIC-6:83624.23130000001
TOPIC-7:74727.98620999996
TOPIC-10:5975.032581999992
TOPIC-1:2264.389427000001
TOPIC-8:1057.4093600000003
TOPIC-17:77.1000010000001
TOPIC-5:35.910828000000016
TOPIC-19:8.477552999999997
TOPIC-13:6.633123
TOPIC-11:3.900101
TOPIC-12:3.900101
TOPIC-0:3.900101
TOPIC-18:3.900101
TOPIC-15:3.900101
TOPIC-4:3.900101
TOPIC-16:3.900101
TOPIC-3:3.900101
