TOPIC-7:1415100.3580000016
TOPIC-0:532320.5862999994
TOPIC-11:249579.2998000003
TOPIC-13:121123.38949999977
TOPIC-2:24400.759010000016
TOPIC-4:1682.8443679999993
TOPIC-8:1302.6267240000002
TOPIC-6:1199.0188410000012
TOPIC-19:44.16839700000003
TOPIC-17:22.200000000000024
TOPIC-5:7.2374290000000014
TOPIC-12:3.000036
TOPIC-10:3.000036
TOPIC-1:3.000036
TOPIC-18:3.000036
TOPIC-15:3.000036
TOPIC-16:3.000036
TOPIC-3:3.000036
TOPIC-14:3.000036
TOPIC-9:3.000036
