TOPIC-15:2371858.103999998
TOPIC-4:1336903.3149999997
TOPIC-6:1184443.5313000004
TOPIC-10:7773.664740999986
TOPIC-12:1410.4099849999996
TOPIC-0:1246.1848610000004
TOPIC-17:54.200000000000394
TOPIC-19:8.582094000000001
TOPIC-11:3.4000379999999977
TOPIC-1:3.4000379999999977
TOPIC-18:3.4000379999999977
TOPIC-5:3.4000379999999977
TOPIC-16:3.4000379999999977
TOPIC-3:3.4000379999999977
TOPIC-13:3.4000379999999977
TOPIC-2:3.4000379999999977
TOPIC-14:3.4000379999999977
TOPIC-9:3.4000379999999977
TOPIC-8:3.4000379999999977
TOPIC-7:3.4000379999999977
