TOPIC-16:2693768.216999997
TOPIC-6:754740.0360000007
TOPIC-19:611984.5916999987
TOPIC-11:93031.78872300002
TOPIC-8:45194.38263099995
TOPIC-9:18927.102142000047
TOPIC-3:12109.407877999993
TOPIC-18:6590.597958999981
TOPIC-4:4214.977270000003
TOPIC-12:2293.672541
TOPIC-10:708.5670619999997
TOPIC-13:358.81960200000015
TOPIC-17:11.299999999999978
TOPIC-0:9.822193
TOPIC-1:3.0000729999999995
TOPIC-5:3.0000729999999995
TOPIC-15:3.0000729999999995
TOPIC-2:3.0000729999999995
TOPIC-14:3.0000729999999995
TOPIC-7:3.0000729999999995
