TOPIC-13:5005179.411999993
TOPIC-7:1998025.131000002
TOPIC-4:623508.1211000019
TOPIC-3:386268.0936999988
TOPIC-15:28443.51094000012
TOPIC-2:18543.543414999986
TOPIC-12:4171.911544999993
TOPIC-19:1830.594167000001
TOPIC-10:16.565180000000005
TOPIC-17:15.599999999999964
TOPIC-5:10.622783999999998
TOPIC-18:8.872365999999998
TOPIC-1:8.559671
TOPIC-11:3.200108
TOPIC-0:3.200108
TOPIC-16:3.200108
TOPIC-14:3.200108
TOPIC-9:3.200108
TOPIC-8:3.200108
TOPIC-6:3.200108
