TOPIC-11:1703391.601
TOPIC-13:1552749.9400000009
TOPIC-1:513412.44250000047
TOPIC-0:43069.89987599987
TOPIC-19:37230.552476999976
TOPIC-14:8312.581672000008
TOPIC-12:6346.424326000001
TOPIC-10:514.7731350000001
TOPIC-2:18.144229999999997
TOPIC-17:11.79999999999998
TOPIC-6:11.075991
TOPIC-9:6.420768000000001
TOPIC-18:3.4000389999999996
TOPIC-5:3.4000389999999996
TOPIC-15:3.4000389999999996
TOPIC-4:3.4000389999999996
TOPIC-16:3.4000389999999996
TOPIC-3:3.4000389999999996
TOPIC-8:3.4000389999999996
TOPIC-7:3.4000389999999996
