TOPIC-7:2819802.706
TOPIC-0:1762065.283000002
TOPIC-1:363712.87509999936
TOPIC-15:138300.8622999997
TOPIC-10:48857.12240500007
TOPIC-14:31864.88368599994
TOPIC-19:31505.347901000157
TOPIC-5:16955.067267999973
TOPIC-8:727.5851749999996
TOPIC-2:90.93777400000003
TOPIC-17:19.200000000000003
TOPIC-11:12.745544000000002
TOPIC-13:6.492523
TOPIC-12:3.000062999999999
TOPIC-18:3.000062999999999
TOPIC-4:3.000062999999999
TOPIC-16:3.000062999999999
TOPIC-3:3.000062999999999
TOPIC-9:3.000062999999999
TOPIC-6:3.000062999999999
