TOPIC-18:3251173.562000001
TOPIC-4:2240709.646999998
TOPIC-12:227991.26740000054
TOPIC-5:195730.97128299988
TOPIC-14:110403.1913169996
TOPIC-3:41385.72422600018
TOPIC-10:26302.67355199998
TOPIC-15:13104.190082000006
TOPIC-6:10002.436711999993
TOPIC-17:46.200000000000315
TOPIC-9:21.58162299999998
TOPIC-11:3.100072
TOPIC-1:3.100072
TOPIC-19:3.100072
TOPIC-0:3.100072
TOPIC-16:3.100072
TOPIC-13:3.100072
TOPIC-2:3.100072
TOPIC-8:3.100072
TOPIC-7:3.100072
