TOPIC-19:2918651.537999995
TOPIC-13:1983432.9041000004
TOPIC-18:832892.0016999993
TOPIC-11:465958.54960000055
TOPIC-10:14918.349223999996
TOPIC-0:2319.2327720000003
TOPIC-14:503.4094890000001
TOPIC-17:41.3000000000003
TOPIC-12:3.2000659999999996
TOPIC-1:3.2000659999999996
TOPIC-5:3.2000659999999996
TOPIC-15:3.2000659999999996
TOPIC-4:3.2000659999999996
TOPIC-16:3.2000659999999996
TOPIC-3:3.2000659999999996
TOPIC-2:3.2000659999999996
TOPIC-9:3.2000659999999996
TOPIC-8:3.2000659999999996
TOPIC-7:3.2000659999999996
TOPIC-6:3.2000659999999996
