TOPIC-1:4217786.247
TOPIC-3:2771852.247799998
TOPIC-19:951864.7159999998
TOPIC-8:256351.82856999856
TOPIC-6:72551.84031199994
TOPIC-13:20147.741859999962
TOPIC-7:7178.639208999996
TOPIC-16:4063.490523999997
TOPIC-0:3954.839211000003
TOPIC-5:3296.8498370000016
TOPIC-10:3031.9641270000043
TOPIC-4:1066.5879000000007
TOPIC-2:121.37517099999991
TOPIC-12:36.23360099999996
TOPIC-17:32.70000100000016
TOPIC-11:3.3001129999999996
TOPIC-18:3.3001129999999996
TOPIC-15:3.3001129999999996
TOPIC-14:3.3001129999999996
TOPIC-9:3.3001129999999996
