TOPIC-3:2156702.065999997
TOPIC-19:685741.5780000013
TOPIC-9:8299.621978999996
TOPIC-2:6296.878970000007
TOPIC-16:1836.3685760000012
TOPIC-13:1120.8173140000008
TOPIC-5:504.0272119999999
TOPIC-18:482.3967150000002
TOPIC-8:67.09146900000043
TOPIC-17:28.100000000000083
TOPIC-11:15.907321
TOPIC-0:6.646946999999999
TOPIC-14:5.143936000000001
TOPIC-7:4.929488999999999
TOPIC-12:3.000031999999999
TOPIC-10:3.000031999999999
TOPIC-1:3.000031999999999
TOPIC-15:3.000031999999999
TOPIC-4:3.000031999999999
TOPIC-6:3.000031999999999
