TOPIC-4:2599018.3999999957
TOPIC-15:733472.1248999983
TOPIC-13:501993.2164000009
TOPIC-19:48883.60537100002
TOPIC-5:7627.603901000017
TOPIC-12:7572.323608000004
TOPIC-10:2733.974319
TOPIC-9:22.538012999999996
TOPIC-17:11.199999999999978
TOPIC-18:9.070921000000004
TOPIC-8:7.716314000000001
TOPIC-14:5.794519
TOPIC-6:5.3665199999999995
TOPIC-11:3.000039
TOPIC-1:3.000039
TOPIC-0:3.000039
TOPIC-16:3.000039
TOPIC-3:3.000039
TOPIC-2:3.000039
TOPIC-7:3.000039
