TOPIC-9:3562167.299999997
TOPIC-14:1164547.1461000014
TOPIC-18:234448.27719999963
TOPIC-12:26792.439882999945
TOPIC-2:1960.6007089999996
TOPIC-5:1636.2638230000002
TOPIC-17:38.90000000000021
TOPIC-10:8.167050000000003
TOPIC-15:6.8823310000000015
TOPIC-1:6.098534
TOPIC-0:5.863360000000001
TOPIC-11:3.5000379999999987
TOPIC-19:3.5000379999999987
TOPIC-4:3.5000379999999987
TOPIC-16:3.5000379999999987
TOPIC-3:3.5000379999999987
TOPIC-13:3.5000379999999987
TOPIC-8:3.5000379999999987
TOPIC-7:3.5000379999999987
TOPIC-6:3.5000379999999987
