TOPIC-6:2287399.706000001
TOPIC-15:904581.5402000021
TOPIC-8:143160.23745999983
TOPIC-5:27964.813157999975
TOPIC-14:3354.892798000003
TOPIC-10:3069.6015159999997
TOPIC-12:1006.5832240000008
TOPIC-17:39.40000000000021
TOPIC-7:9.410894999999996
TOPIC-18:8.111003999999996
TOPIC-11:5.858527
TOPIC-2:5.807157
TOPIC-1:3.100031999999999
TOPIC-19:3.100031999999999
TOPIC-0:3.100031999999999
TOPIC-4:3.100031999999999
TOPIC-16:3.100031999999999
TOPIC-3:3.100031999999999
TOPIC-13:3.100031999999999
TOPIC-9:3.100031999999999
